$ANSIBLE_VAULT;1.1;AES256
63373430353364663662616161313736343434333666333635316539663235306237303731623230
3464383365653665383736333038333161376264306531340a316232303261353033653466383061
37666637383165303637646635323735336630663062633765363561633231303138636562343237
3564313631343430370a356136316366613037393535393033663532316439626130366338373764
38303962613436363966653338366437373933323836303538653135346337366533666464353063
33623365373363383636393733643835383238383736353030643962306334313733343330306236
35326437383730303232626439653962646131626533316231663162363730306238643565613862
36376361393863393831646262363630333265333065313866323364666338363065633434343535
38303434393536613466616461313662623462646333666662323733653536306536623739343736
35376463666464626138323831643236646235613733646230326530653235646363356535653435
38313138383838346161623366333965633830653939316161653966343530373563656635653161
32323835306639356435316132333164396366666463386430336463333164653036613566656164
63386139613733316532313063383665623166643537373938313634613664616461613432383934
31313361326231343963356338393736393338356535666666613233643939386166313763333765
63326532623431323433336163313732326665373233313536333631633138626262343562303138
63633231376333393164656564643632336166376639663830353836313539343930376164316435
34346338363865393935393339363731383238623532653561353434383935326163333262333464
34336265396431373330356466626261626630393730363731666138653934313733326662386562
36326365363266353830333831353964373831366132326337306566323063363537313430353332
34383464613632316538353634326464323530643264393432643931326638393063326462313935
37626537373866376339373965383633386330346433316139323732323363666261653862633536
38393530333438313534316533393338336564633036363263393837666361353164643663643035
36363836303139306135336332633233663534343664626230633161643362373130333630376432
64386438383937353239643133316135623739376535656266666364393434643135643035663838
63666262323032323861616563666638363163663531333031346463386664653863356636306530
38333931653361666330316332353739646364306264336630326533316533386562643636323337
64323564303937663331313934626265383733313932333364323332303438366539323264396662
39333338393731303565666336333339353737616666376537393763383034333462323861643063
65613130653238383137366438316636343333343136333232353737323532646332616434666439
38313962303134653130316463333363373438613664333839393430376336313035303530656333
34656330643566656265373130366565393966383537323034386138336434333565656166306431
65646532373466373539633734373436666537303634646666306438663837313163393337333363
38363838646561663232373833383232636661393530366665633232396661366138313231353362
64333761363861366236376234353664333236626333363562393531336661303430363161643264
64656462303835636135613834356464306465356665653333336132346432366264373534323432
38303765363037636333316663613662353433313464623437663730333865336464613836356639
34663231306237643536393437393465646638616432366539663261363363363032326361656233
63653938383166636162666433333636656538353536613939353333393962373737396138623431
65663735323338316137663266623638393463646330323265316637396461343364646437656336
62373464356161616530303734383738663538653663373164373165326463313233383061336233
64656138363439333139323564303337343739346463623336653332383434376163623961333564
61633632643264386264323131643831336638623466363737636337366138316235366635613236
64393939383661613035646533626439323766386262666464653365306666376530626331653931
30633538313136306162393638646339663366393937343337663234376565656437363031323638
31613133656235306234616339373261336237633034356635646239393638636261356236323330
32356639313764313036663662656333323166636562306536356663343462613164386466643562
30666435383133616663313166626331393736616266663765356439633130366634326536363963
32616131656162633831663964643332643633663431383164353433323930613036313265623439
62343832343730373831383662643733323663383964386332663066396661313938626432333530
38393136323335393033353633616530313635326330326161386238626664646333633930393033
39306563643034386563353065653436393930336364623838666264663866306565326437366531
32626565396161633936343236633962366265613964356433643234393264363762653531613661
63643536383663386464643832626236663133336231616537623664383231353664303738373338
37346339386433333865386132373235306666386664633639353165323837373765666664373334
32363030373539653635653430306235373638323930653766646438343337383662656431356162
35343461333431636435666436373136373831303335626338393763343535653531383161306233
30366532663635656536626435383931396332333166623637383437336334373362653832623665
35363137623262353166323036393961336263653866373533373062333064623033313139666363
33346563666232333636323831366537313163343838633334313738333262313732613062346532
38303339343734373734346235313663343637373161386561666165363235623239373631623161
64363563343430333666363636393864656638343261633239343939393062636234636166313632
39643834343039383161323638376238666339333437636634333834623337623763323831626561
37333137373538356333613966626535383630383639393139323461623834343662316534303835
62613764613665613436323738613435623336373838323738396334656634623839306133653730
63613431353736396164646465313464643664316535656261336634663861376635366261313035
33356635353136653533353336363035316663366630653430323062663830656434323965366463
39666565396537313635303639336638663537616465393434353036376461613434383633313138
34616536333731613135666233626230613437396430643530393433306137656539613230663230
32316533333465393065396364366130366638373932303139323135616666343464633464666530
66343039383262626665323766643232323633626561376234613132666439353132653534383730
33313661356164376435653263346432646462313239653633303031313238323462323562646331
61333738383135373863316135313936643562376439333935393066613339346139383064343362
64323034653732366132393038386361346539313937383762626265356438393731373435613537
64323138363131386634636362393765326465646561653766633936323263383364373139363666
35316538326463356137303032626139333631623738383832636662663335653331653639353331
36353163613334326639313535373533343564626537373966323764386164346637366630393732
65306263623237643835306664336439383037396230356632383838303863353065353365626435
61376231633137303737343932336436346165353732376136353431643533343832336336323362
65333835396432323531383963626637613736396134356637303233626362373639656531383432
36313034613364353836323564646138636561366136636564333838353639353936646666633863
37623936343533616130663634316134343639306431353231356333663435356266356138643030
64373138373130653661646139636139643638633464363637356462646339303636313531373966
61386431303131613563383531363235373337376134346533666139646366326234323963323232
63646334613161656637333962363663366336613366393532666466326363333162653739333936
32626235376461376339616331333862613433333738656136396562376537363330633166303234
62323334663331653838373164386462613266633964396535653166393034643938653662666564
32613461653262393463316132376666303863333037656438356230323339373337353734623938
61393939633133646166656166656265356437643964343764373063623765663038356661386366
30326563373566313438666337623764373436623039663337383761623566326434313661386462
64616462646561396264343435663336623234613464353966363033343163396238336361633030
31383437366637363361383435366265313164323932303237313932336563666439336436613266
31306564373134346231633262323834326463353261386535633366653738313164393466366263
37303433386436666335303563653664376661623862346631616430366564336235666231623331
32656166363631633362363363343839623562353631366164356132653437366234616333313639
36313064323837393461616337366635333339313161333861666239326434313434336634363465
33316166656634336564633066346361323031353936663431636537303736363533643139346332
39383663613262636363636363653866353138633261646332323864386463376164366365353265
32626530323339633163326234396164653264323339616433313839376464643838343532393438
36636161353265656630333930393462353731393237653166623865633762343866666139343163
65393835333635326132613964353238376634373561386139303765306365313135373963376664
63616334623164386332333434346130373462353831653361653634663635313065666561323763
30616161373063663230633130383835663566613263356238363639323866366438346537363435
61303063303663366366323735666362393436306239306665623061363138383566663338656237
61313937666139643031663162313334336430343732356530613633303438646236623161303839
62306537386431376562303831363231303138386236633165663533666661353530633636373737
63353966316437323362346563386238333636386464656135376566633836616433303230643762
38663730636339353962623562393164393338303730313532313962353031396262353864666263
33313762323363336538366439303565653437323230613838643136383538633331636265626133
31346366336466303030316464366434383035663562306365656438386237613734656163613637
62373539383362303234386336323638663664366139653264666461663162363638633331383064
36313736313036353636613035623838353435313565313336346436653431373562643466303436
64383235343564306661323166633566626334373031633764323630386365313830653639313439
37653036646131653564363264616430373736663734613265643137653663323130396232383330
61393265316663626333326235623264356137373532366335333064663262333834316437643437
61656436363563643165656665666135393136633736666435356465333039316435633037373836
62613339663539633536386436326131343034623238636230396436346230383735353031383539
65303733393136633664643666633763306131363331306363663462366432393738333034613135
38313335313365656136613965396339396635653037303333303637643333393864313031396138
64636235653535353964306338653536393235613463306562396338653962636162303736356537
32363639653836323730303833333537653862643461343634653339393334623038306430356264
37336139336231323138303330366235313466353865653139306530383733313335626534356131
65663362366661656663666461316362613733336232353530373738663133643538356561336438
62333832653832303030643237613364656439363430653364316633336261313362613135313665
39343535623966376431343230313439303239663161616531623930306233346630613834666431
33396238366233323836393964346461343834646635383366343538666531653338363866613837
63666232326238353162373466356335613937376330333137373831313165316333393031386264
33353330363639336334396236323463323830656637313162363762343238343465303861356239
30373737393332636464326163616239653261336436386534373763393932656561353234376336
39313964376139356430653863613336623832353331326361616430346138643431363239326138
39616436363439646634393436613536336662363530616565393766316165386133363536373063
34363865376362653839386539313430636266666264316663313334616634363264346533656163
33616462626436393830616263373964376235303339333638383531323337326439646461303336
36306565636163393464643036393564393661656566326633663537646138383031
